10.83880	0.00763	0.06163	0.45424
10.82706	0.00920	0.06188	0.45300
10.81480	0.01128	0.06286	0.45230
10.80258	0.00919	0.06246	0.45277
10.79304	0.00084	0.06522	0.45170
10.78465	0.00920	0.06932	0.45217
10.77341	0.00715	0.06519	0.45403
10.76432	0.00578	0.06418	0.45245
10.75292	0.01167	0.06198	0.45175
10.74353	0.00918	0.06666	0.45329
10.73316	0.00506	0.06511	0.45201
10.72494	0.00863	0.06246	0.45336
10.71391	0.01153	0.06454	0.45419
10.70518	0.00095	0.06256	0.45220
10.69434	0.00327	0.05834	0.45199
10.68225	0.00244	0.06237	0.45370
10.67534	0.01097	0.05990	0.45257
10.66436	0.00300	0.06336	0.45085
10.65654	0.00573	0.06285	0.45142
10.64270	0.01808	0.06355	0.45312
10.63288	0.01349	0.06667	0.45260
10.62398	0.01077	0.06859	0.45130
10.61253	0.00833	0.06259	0.45337
10.60383	0.00266	0.06599	0.45177
10.59466	0.00843	0.06615	0.45309
10.58043	0.01440	0.06701	0.45341
10.57478	0.00213	0.06685	0.45289
10.56408	0.00598	0.06691	0.45223
10.55333	0.00440	0.06626	0.45166
10.54395	0.00372	0.06240	0.45194
10.53446	0.00036	0.06665	0.45031
10.52435	0.00771	0.06582	0.45215
10.51433	0.00590	0.06819	0.45045
10.50410	0.00564	0.06852	0.45113
10.49450	0.00376	0.06633	0.45047
10.48552	0.00643	0.07169	0.45174
10.47566	0.00556	0.07263	0.45038
10.46593	0.00969	0.07156	0.45124
10.45458	0.00536	0.06850	0.45002
10.44604	0.00665	0.07163	0.45119
10.43319	0.00689	0.07213	0.45037
10.42299	0.00705	0.07767	0.44844
10.41516	0.01246	0.07359	0.44844
10.40190	0.01340	0.07532	0.44881
10.39469	0.01844	0.08514	0.44915
10.38623	0.01472	0.07976	0.44856
10.37605	0.01518	0.07647	0.44685
10.36426	0.01588	0.08082	0.44709
10.35727	0.01689	0.08108	0.44650
10.34286	0.01410	0.08084	0.44664
10.33356	0.01469	0.07905	0.44472
10.32644	0.01080	0.07530	0.44736
10.31465	0.00731	0.07441	0.44903
10.30504	0.00600	0.07460	0.44756
10.29449	0.01170	0.07412	0.44836
10.28649	0.01345	0.07764	0.44580
10.27463	0.01094	0.08061	0.44603
10.26650	0.00845	0.08154	0.44617
10.25507	0.01362	0.07438	0.44409
10.24641	0.00764	0.07580	0.44477
10.23482	0.00681	0.08052	0.44321
10.22433	0.00281	0.08396	0.44444
10.21546	0.00299	0.08367	0.44575
10.20561	-0.00617	0.08723	0.44467
10.19530	0.00115	0.09091	0.44398
10.18653	0.00307	0.09284	0.44375
10.17001	0.00205	0.09576	0.44355
10.16129	0.00336	0.09324	0.44387
10.15512	0.00125	0.09158	0.44099
10.14492	-0.00299	0.09786	0.44131
10.13504	0.00268	0.10244	0.44071
10.12294	0.00558	0.09866	0.44057
10.11497	0.00789	0.10511	0.44007
10.10440	0.00603	0.10570	0.43990
10.09343	-0.00298	0.10629	0.43796
10.08278	0.00283	0.10707	0.43847
10.07442	0.00605	0.10563	0.43740
10.06382	-0.00022	0.10738	0.43599
10.05221	-0.00084	0.11513	0.43492
10.04385	0.00534	0.11024	0.43362
10.03653	0.00154	0.11329	0.43224
10.02382	-0.00090	0.11718	0.43102
10.01333	-0.00075	0.12052	0.43218
10.00069	-0.00442	0.11702	0.42965
9.99539	-0.00191	0.12207	0.42920
9.98385	-0.00474	0.12539	0.42877
9.97592	-0.00801	0.12343	0.42838
9.96591	-0.01245	0.13279	0.42674
9.95459	-0.00764	0.13247	0.42520
9.94557	-0.01043	0.13488	0.42379
9.93496	-0.01170	0.13454	0.42152
9.92393	-0.01072	0.14196	0.42035
9.91526	-0.01851	0.14020	0.42036
9.90368	-0.01859	0.14032	0.41893
9.89144	-0.01859	0.14083	0.41769
9.88448	-0.01650	0.14672	0.41673
9.87422	-0.01740	0.15163	0.41458
9.86162	-0.02018	0.15550	0.41325
9.85405	-0.02228	0.15460	0.41197
9.84510	-0.02344	0.15961	0.40966
9.83504	-0.02594	0.16224	0.40988
9.82208	-0.02740	0.16422	0.40709
9.81232	-0.02803	0.16450	0.40586
9.80366	-0.02787	0.16935	0.40366
9.79568	-0.02930	0.17716	0.40229
9.78471	-0.03108	0.17896	0.39853
9.77057	-0.02597	0.18110	0.39702
9.76389	-0.03391	0.18199	0.39555
9.75571	-0.03339	0.18076	0.39340
9.74401	-0.02934	0.19194	0.39223
9.73421	-0.03466	0.19220	0.38971
9.72277	-0.03030	0.19772	0.38732
9.71336	-0.03360	0.19753	0.38679
9.70521	-0.03378	0.20803	0.38522
9.69360	-0.02886	0.21684	0.38136
9.68142	-0.02881	0.22731	0.38115
9.67278	-0.02987	0.22823	0.37873
9.66414	-0.03071	0.22814	0.37563
9.65276	-0.02979	0.23504	0.37369
9.64356	-0.03543	0.23885	0.37192
9.63374	-0.03632	0.24355	0.37064
9.62347	-0.04302	0.25277	0.36814
9.61475	-0.03888	0.26449	0.36525
9.60703	-0.04293	0.26780	0.36321
9.59243	-0.04617	0.27023	0.36081
9.58291	-0.04360	0.27701	0.35812
9.57427	-0.04631	0.28846	0.35688
9.56338	-0.04927	0.28814	0.35452
9.55531	-0.04644	0.29838	0.35257
9.54329	-0.04937	0.30211	0.35055
9.53428	-0.05184	0.31238	0.34864
9.52427	-0.05443	0.31856	0.34638
9.51212	-0.05471	0.33238	0.34403
9.50426	-0.05953	0.33389	0.34152
9.49499	-0.06074	0.34695	0.33923
9.48230	-0.05934	0.35579	0.33683
9.47520	-0.05810	0.35991	0.33530
9.46383	-0.06357	0.36333	0.33317
9.45442	-0.06154	0.37212	0.33027
9.44514	-0.06468	0.38239	0.32776
9.43136	-0.06910	0.40102	0.32453
9.42308	-0.07601	0.40617	0.32242
9.41182	-0.07711	0.41202	0.32102
9.40384	-0.08385	0.42131	0.31816
9.39363	-0.08173	0.43225	0.31593
9.38369	-0.07763	0.43836	0.31216
9.37463	-0.08285	0.44674	0.31002
9.36367	-0.09232	0.45237	0.30828
9.35585	-0.09008	0.46685	0.30591
9.34400	-0.08713	0.47481	0.30240
9.33484	-0.08998	0.48556	0.30060
9.32336	-0.08483	0.49631	0.29714
9.31527	-0.09401	0.50042	0.29427
9.30453	-0.09568	0.50917	0.29273
9.29382	-0.09443	0.52335	0.29012
9.28321	-0.09371	0.53406	0.28772
9.27439	-0.09204	0.54315	0.28404
9.26456	-0.09664	0.55213	0.28123
9.25520	-0.09708	0.56147	0.27910
9.24737	-0.09909	0.57555	0.27604
9.23684	-0.09994	0.58777	0.27402
9.22469	-0.09329	0.59809	0.27023
9.21525	-0.10277	0.60926	0.26870
9.20159	-0.10469	0.62007	0.26701
9.19368	-0.11004	0.62666	0.26454
9.18617	-0.11301	0.63604	0.26281
9.17451	-0.10959	0.65084	0.25958
9.16142	-0.11894	0.65447	0.25789
9.15367	-0.12105	0.66332	0.25547
9.14506	-0.12118	0.67163	0.25413
9.13713	-0.12892	0.68113	0.25162
9.12299	-0.13268	0.68894	0.25074
9.11453	-0.12970	0.69758	0.24925
9.10392	-0.13715	0.70946	0.24652
9.09353	-0.13731	0.71743	0.24458
9.08287	-0.13458	0.72230	0.24349
9.07434	-0.13475	0.73533	0.24140
9.06414	-0.13567	0.74665	0.24052
9.05404	-0.14545	0.75440	0.23965
9.04541	-0.14805	0.76373	0.23758
9.03365	-0.15113	0.76356	0.23695
9.02384	-0.15426	0.77155	0.23543
9.01606	-0.16112	0.78062	0.23421
9.00554	-0.16580	0.77943	0.23454
8.99502	-0.16631	0.78656	0.23300
8.98405	-0.17499	0.78479	0.23334
8.97334	-0.17325	0.79117	0.23291
8.96680	-0.17516	0.79086	0.23263
8.95751	-0.18272	0.79342	0.23195
8.94523	-0.18528	0.79214	0.23222
8.93486	-0.19812	0.78595	0.23295
8.92695	-0.19501	0.79568	0.23231
8.91315	-0.20450	0.79200	0.23349
8.90493	-0.20692	0.79938	0.23300
8.89433	-0.20956	0.79908	0.23330
8.88323	-0.21468	0.78969	0.23422
8.87376	-0.22359	0.78655	0.23521
10.87958	0.00444	0.06563	0.44986
10.88274	-0.00105	0.06394	0.45030
10.89272	0.00050	0.06161	0.45262
10.90136	0.00425	0.05767	0.45302
10.91234	0.00475	0.06204	0.45281
10.92384	-0.00008	0.06087	0.45348
10.93403	0.00474	0.06391	0.45282
10.94448	-0.00709	0.06075	0.45425
10.95303	-0.00158	0.05943	0.45337
10.96268	-0.00019	0.06043	0.45397
10.97641	0.00012	0.06191	0.45251
10.98059	0.00483	0.06207	0.45264
10.99105	-0.00013	0.06331	0.45308
11.00273	-0.00600	0.06511	0.45217
11.01277	0.00418	0.07185	0.45014
11.02190	0.00033	0.06639	0.45100
11.03217	0.00257	0.06397	0.45324
11.04540	0.00227	0.06340	0.45246
11.05275	0.00471	0.06841	0.45175
11.06329	0.00634	0.06331	0.45090
11.07217	0.00161	0.06262	0.45137
11.08110	0.00072	0.06095	0.45221
11.09231	-0.00352	0.06136	0.45207
11.10811	0.00136	0.06036	0.45230
11.11589	0.00030	0.06540	0.45248
11.12339	-0.00443	0.06121	0.45339
11.13243	-0.00099	0.05973	0.45262
11.14408	-0.00410	0.05764	0.45180
11.15336	-0.00239	0.06047	0.45194
11.16059	-0.00681	0.05907	0.45171
11.17412	-0.00001	0.05700	0.45292
11.18093	-0.00251	0.05625	0.45076
11.19390	-0.00437	0.05661	0.45216
11.20561	-0.00083	0.05637	0.45074
11.21565	-0.00034	0.05685	0.45121
11.22336	-0.00044	0.05968	0.45062
11.23290	-0.00430	0.06469	0.44949
11.24132	-0.00441	0.06290	0.44999
11.25240	-0.00111	0.05885	0.45059
11.26582	0.00527	0.05457	0.45129
11.27285	0.00028	0.05334	0.44949
11.28195	0.00193	0.05197	0.44908
11.29656	0.00231	0.05233	0.45008
11.30625	0.00693	0.05717	0.44880
11.31192	0.00462	0.06341	0.44890
11.32170	0.00843	0.05984	0.44968
11.33158	0.00264	0.05924	0.44946
11.34102	0.00130	0.05763	0.44786
11.35245	0.00122	0.05705	0.44948
11.36341	0.00193	0.06094	0.44970
11.37475	0.00124	0.05988	0.44902
11.38174	-0.00076	0.05743	0.44885
11.39199	0.00034	0.06264	0.44867
11.40248	0.00021	0.05844	0.44946
11.41813	-0.00619	0.05616	0.44909
11.42222	-0.00952	0.05956	0.44890
11.43185	0.00364	0.06328	0.44782
11.44262	-0.00338	0.06209	0.44750
11.45266	-0.00815	0.06364	0.44692
11.46600	-0.00491	0.06440	0.44816
11.47247	-0.00230	0.06078	0.44755
11.48779	-0.00401	0.06578	0.44625
11.49216	-0.00664	0.06491	0.44643
11.50250	-0.00477	0.06376	0.44629
11.51305	-0.00714	0.06590	0.44606
11.52109	-0.01137	0.06065	0.44633
11.53222	-0.00470	0.05793	0.44517
11.54518	-0.00339	0.06342	0.44471
11.55284	-0.00473	0.06282	0.44464
11.56251	-0.00593	0.06301	0.44353
11.57317	-0.01144	0.06471	0.44448
11.58171	-0.00500	0.06444	0.44325
11.59529	-0.00150	0.05834	0.44360
11.60204	-0.00688	0.05905	0.44370
11.61214	-0.00257	0.05475	0.44322
11.62431	-0.01408	0.05189	0.44258
11.63112	-0.01404	0.05639	0.44325
11.64432	-0.01391	0.06128	0.44109
11.65620	-0.01160	0.05605	0.44100
11.66375	-0.01124	0.05455	0.44080
11.67211	-0.01413	0.05319	0.44057
11.68635	-0.01540	0.05214	0.44004
11.69340	-0.01564	0.05332	0.43814
11.70594	-0.01221	0.05565	0.43869
11.71256	-0.00778	0.05338	0.43800
11.72358	-0.00758	0.05453	0.43757
11.73178	-0.00757	0.05486	0.43704
11.74715	-0.01132	0.05414	0.43656
11.75382	-0.01380	0.05322	0.43569
11.76252	-0.01395	0.05459	0.43319
11.77160	-0.01542	0.05059	0.43346
11.78304	-0.01446	0.05288	0.43347
11.79067	-0.00662	0.05505	0.43086
11.80409	-0.00943	0.05111	0.43118
11.81730	-0.01323	0.05419	0.42953
11.82157	-0.01135	0.05558	0.42943
11.83223	-0.00953	0.05729	0.42664
11.84076	-0.01991	0.05042	0.42670
11.85481	-0.01035	0.04889	0.42544
11.86433	-0.01687	0.04737	0.42384
11.87826	-0.02022	0.04924	0.42295
11.88083	-0.01957	0.04797	0.42172
11.89515	-0.02457	0.04126	0.42209
11.90519	-0.02137	0.04434	0.42000
11.91538	-0.01882	0.04536	0.41831
11.92434	-0.02241	0.04248	0.41755
11.93214	-0.02131	0.03971	0.41653
11.94396	-0.02222	0.03743	0.41425
11.95451	-0.02199	0.03363	0.41400
11.96114	-0.02319	0.03373	0.41237
11.97516	-0.02795	0.03106	0.41021
11.98402	-0.02346	0.02663	0.40859
11.99258	-0.02862	0.02933	0.40736
12.00198	-0.02759	0.02765	0.40595
12.01260	-0.03510	0.02145	0.40405
12.02068	-0.03461	0.01822	0.40193
12.03147	-0.03396	0.02091	0.40050
12.04252	-0.03535	0.01244	0.39984
12.05202	-0.03214	0.01329	0.39899
12.06301	-0.02837	0.01227	0.39758
12.07575	-0.02672	0.01799	0.39344
12.08094	-0.02491	0.01701	0.39295
12.09132	-0.03184	0.01306	0.39022
12.10316	-0.03669	0.00758	0.38921
12.11450	-0.03079	0.00381	0.38840
12.12450	-0.02599	-0.00035	0.38612
12.13183	-0.02441	0.00180	0.38482
12.14741	-0.02895	-0.00461	0.38277
12.15296	-0.03297	-0.00035	0.38110
12.16367	-0.03523	-0.00727	0.37906
12.17111	-0.03873	-0.01130	0.37714
12.18128	-0.03886	-0.01370	0.37577
12.19227	-0.03929	-0.02674	0.37432
12.20294	-0.04429	-0.03097	0.37236
12.21325	-0.04647	-0.03087	0.37005
12.22233	-0.05340	-0.04054	0.36872
12.23548	-0.05126	-0.04876	0.36709
12.24174	-0.04310	-0.05128	0.36560
12.25307	-0.04319	-0.05472	0.36366
12.26723	-0.03771	-0.05216	0.36137
12.27223	-0.03813	-0.05049	0.35980
12.28322	-0.04080	-0.06156	0.35865
12.29186	-0.04573	-0.07412	0.35663
12.30227	-0.05641	-0.08100	0.35460
12.31183	-0.05660	-0.08296	0.35329
12.32455	-0.06106	-0.08800	0.35117
12.33126	-0.05231	-0.09166	0.34976
12.34074	-0.06082	-0.09943	0.34732
12.35175	-0.05940	-0.11605	0.34667
12.36442	-0.06484	-0.12053	0.34406
12.37324	-0.05726	-0.11821	0.34133
12.38210	-0.05131	-0.12217	0.33934
12.39103	-0.05650	-0.12917	0.33701
12.40282	-0.06257	-0.13952	0.33494
12.41266	-0.06464	-0.14860	0.33313
12.42144	-0.06248	-0.15337	0.33119
12.43122	-0.06978	-0.16003	0.32941
12.44437	-0.06331	-0.16557	0.32751
12.45287	-0.06055	-0.17140	0.32535
12.46486	-0.06338	-0.17796	0.32337
12.47751	-0.06678	-0.19697	0.32112
12.48113	-0.06744	-0.21227	0.31841
12.49289	-0.08127	-0.22939	0.31631
12.50081	-0.08235	-0.23430	0.31364
12.51104	-0.08916	-0.24208	0.31199
12.52322	-0.08243	-0.24783	0.30934
12.53376	-0.08651	-0.26094	0.30747
12.54298	-0.09105	-0.27904	0.30555
12.55075	-0.09542	-0.28426	0.30180
12.56081	-0.09935	-0.29380	0.30119
12.57139	-0.09103	-0.29463	0.29589
12.58305	-0.09772	-0.31613	0.29655
12.59228	-0.09566	-0.31644	0.29266
12.60285	-0.09059	-0.32742	0.29128
12.61323	-0.09017	-0.33290	0.29076
12.62615	-0.08890	-0.34113	0.28825
12.63206	-0.09548	-0.35851	0.28408
12.64072	-0.08562	-0.35409	0.28466
12.65762	-0.08851	-0.36246	0.28142
12.66093	-0.09025	-0.37076	0.27944
12.67515	-0.09474	-0.38666	0.27595
12.68126	-0.10469	-0.40880	0.27486
12.69094	-0.10223	-0.41554	0.27238
12.70246	-0.10141	-0.42310	0.27140
12.71076	-0.10404	-0.43111	0.26946
12.72130	-0.10728	-0.44282	0.26769
12.73190	-0.10680	-0.44895	0.26399
12.74516	-0.10387	-0.46023	0.26408
12.75101	-0.10695	-0.46945	0.26395
12.76240	-0.10665	-0.47782	0.26216
12.77844	-0.10307	-0.48793	0.26236
12.78207	-0.10118	-0.49960	0.25961
12.79757	-0.10683	-0.51759	0.25685
12.80221	-0.11190	-0.53022	0.25645
12.81119	-0.10695	-0.54123	0.25475
12.82375	-0.11253	-0.55633	0.25405
12.83296	-0.11749	-0.56681	0.25482
12.84297	-0.11891	-0.56987	0.25468
12.85317	-0.12656	-0.59057	0.25379
12.86218	-0.12668	-0.60198	0.25246
12.87678	-0.13265	-0.60889	0.25209
10.87436	0.02386	0.08148	0.44977
