8.16772	-0.38383	-0.25713	0.42247
8.18157	-0.38434	-0.23995	0.42162
8.19320	-0.38469	-0.22499	0.42051
8.20307	-0.38183	-0.20421	0.41930
8.21466	-0.38277	-0.18240	0.41847
8.22277	-0.38219	-0.16091	0.41761
8.23347	-0.38097	-0.14141	0.41729
8.24301	-0.38076	-0.12063	0.41708
8.25280	-0.37839	-0.09940	0.41680
8.26361	-0.37372	-0.07598	0.40577
8.27350	-0.37223	-0.05107	0.39829
8.28403	-0.37639	-0.03026	0.41370
8.29290	-0.37670	-0.00606	0.41410
8.30409	-0.37231	0.01567	0.41432
8.31388	-0.36818	0.04160	0.41434
8.32351	-0.36719	0.06660	0.41499
8.33372	-0.35948	0.09293	0.41526
8.34414	-0.35436	0.12141	0.41592
8.35380	-0.35372	0.14030	0.41792
8.36391	-0.35110	0.17165	0.41796
8.37374	-0.34545	0.20387	0.41284
8.38293	-0.34517	0.23274	0.42434
8.39377	-0.34878	0.25342	0.43185
8.40330	-0.34489	0.27650	0.43379
8.41475	-0.34269	0.30241	0.43627
8.42396	-0.33380	0.33053	0.43826
8.43286	-0.32763	0.35548	0.44089
8.44360	-0.32826	0.37471	0.44404
8.45292	-0.32503	0.40435	0.44751
8.46348	-0.32306	0.42590	0.45085
8.47327	-0.32178	0.44754	0.45392
8.48390	-0.31892	0.47280	0.45484
8.49394	-0.31183	0.49182	0.45914
8.50406	-0.30565	0.50893	0.46410
8.51391	-0.30807	0.52758	0.46977
8.52388	-0.30198	0.54145	0.47490
8.53428	-0.29839	0.55690	0.48145
8.54351	-0.29926	0.56782	0.48762
8.55328	-0.29112	0.57882	0.49346
8.56412	-0.28950	0.58865	0.50026
8.57408	-0.28734	0.59704	0.50821
8.58378	-0.28441	0.60477	0.51540
8.59461	-0.27894	0.60981	0.52273
8.60443	-0.27661	0.61230	0.53109
8.61299	-0.27442	0.61437	0.53869
8.62301	-0.27008	0.61582	0.54709
8.63385	-0.27025	0.61374	0.55574
8.64395	-0.26435	0.61143	0.56230
8.65330	-0.26184	0.60851	0.57245
8.66337	-0.26053	0.60522	0.58253
8.67413	-0.25762	0.59671	0.59860
8.68344	-0.26092	0.59172	0.61415
8.69347	-0.25325	0.58657	0.60277
8.70340	-0.24470	0.57822	0.60986
8.71330	-0.24720	0.56905	0.62045
8.72284	-0.24860	0.55646	0.63126
8.73303	-0.24352	0.54347	0.64209
8.74353	-0.23757	0.52958	0.65149
8.75360	-0.23437	0.51326	0.66247
8.76421	-0.23207	0.49600	0.67378
8.77381	-0.23157	0.48321	0.68229
8.78400	-0.23470	0.46556	0.71058
8.79380	-0.23460	0.44746	0.72223
8.80320	-0.23074	0.42970	0.71543
8.81454	-0.22826	0.41158	0.72741
8.82382	-0.22476	0.39392	0.73703
8.83288	-0.22807	0.37677	0.74553
8.84326	-0.22582	0.35786	0.75714
8.85339	-0.21585	0.33701	0.76842
8.86407	-0.22649	0.31856	0.77753
8.87309	-0.22279	0.30073	0.78605
8.88399	-0.22282	0.28392	0.80413
8.89396	-0.21864	0.27175	0.82001
8.90402	-0.22075	0.25165	0.79978
8.91334	-0.22436	0.22867	0.82658
8.92391	-0.22761	0.20925	0.83482
8.93314	-0.22633	0.18936	0.84198
8.94475	-0.21839	0.18162	0.84706
8.95294	-0.21697	0.15495	0.85345
8.96425	-0.22014	0.13486	0.85949
8.97444	-0.21410	0.11225	0.86507
8.98426	-0.21374	0.09375	0.86996
8.99344	-0.21458	0.07708	0.87439
9.00433	-0.21428	0.05617	0.87945
9.01240	-0.21155	0.04020	0.88325
9.02405	-0.21996	0.01753	0.88681
9.03416	-0.21897	0.00061	0.88869
9.04405	-0.22459	-0.02175	0.89166
9.05287	-0.21641	-0.04225	0.89358
9.06450	-0.21776	-0.06471	0.89552
9.07429	-0.21743	-0.08208	0.89670
9.08403	-0.21161	-0.10096	0.89771
9.09330	-0.21084	-0.12172	0.89765
9.10442	-0.20894	-0.14323	0.89786
9.11369	-0.21109	-0.16129	0.89672
9.12298	-0.20809	-0.18167	0.89498
9.13458	-0.21310	-0.20304	0.89236
9.14309	-0.21067	-0.21807	0.88963
9.15421	-0.20816	-0.23965	0.88589
9.16268	-0.20571	-0.25980	0.88304
9.17426	-0.21388	-0.27914	0.87977
9.18444	-0.21264	-0.29830	0.87506
9.19431	-0.20839	-0.32025	0.86878
9.20165	-0.20863	-0.33468	0.86309
9.21353	-0.20674	-0.35146	0.85740
9.22416	-0.20803	-0.36877	0.85143
9.23364	-0.20710	-0.39065	0.84471
9.24382	-0.21524	-0.40572	0.83927
9.25369	-0.22407	-0.42371	0.83163
9.26341	-0.21960	-0.44262	0.82364
9.27366	-0.22308	-0.45711	0.81604
9.28304	-0.22077	-0.47353	0.80754
9.29370	-0.21792	-0.49138	0.80462
9.30394	-0.22390	-0.50440	0.79940
9.31344	-0.21946	-0.51733	0.76411
9.32378	-0.22106	-0.53367	0.76852
9.33306	-0.22179	-0.55163	0.76318
9.34390	-0.21488	-0.56412	0.74436
9.35396	-0.21764	-0.57490	0.73653
9.36411	-0.21992	-0.59132	0.72593
9.37303	-0.22338	-0.60470	0.71673
9.38398	-0.23127	-0.61751	0.70770
9.39370	-0.23055	-0.62985	0.69805
9.40392	-0.22747	-0.64232	0.68835
9.41325	-0.22481	-0.65036	0.68005
9.42130	-0.22370	-0.66204	0.67029
9.43296	-0.22571	-0.67449	0.65996
9.44318	-0.22483	-0.68354	0.65150
9.45376	-0.22513	-0.69293	0.64208
9.46431	-0.22541	-0.70176	0.63279
9.47355	-0.22414	-0.70745	0.62402
9.48320	-0.22804	-0.71433	0.61499
9.49388	-0.23120	-0.72082	0.60694
9.50293	-0.23475	-0.72436	0.59565
9.51437	-0.23591	-0.72933	0.58500
9.52262	-0.23730	-0.73239	0.57501
9.53301	-0.24074	-0.73280	0.56766
9.54379	-0.24266	-0.73400	0.55978
9.55453	-0.24711	-0.73432	0.55212
9.56440	-0.25171	-0.73499	0.54466
9.57452	-0.25069	-0.73220	0.53854
9.58357	-0.24904	-0.73048	0.53192
9.59369	-0.25428	-0.72840	0.52486
9.60439	-0.25388	-0.72696	0.51878
9.61361	-0.25847	-0.72565	0.51205
9.62413	-0.26281	-0.71965	0.51199
9.63462	-0.26579	-0.71453	0.50527
9.64341	-0.26867	-0.70821	0.49940
9.65368	-0.27265	-0.69911	0.49423
9.66373	-0.27631	-0.69274	0.48885
9.67339	-0.27963	-0.68336	0.48468
9.68379	-0.28385	-0.67500	0.47962
9.69249	-0.28569	-0.66336	0.47571
9.70239	-0.28928	-0.65093	0.47116
9.71310	-0.28931	-0.63799	0.46406
9.72357	-0.29056	-0.62882	0.45982
9.73361	-0.29540	-0.61503	0.45601
9.74281	-0.29861	-0.60031	0.45314
9.75350	-0.30473	-0.58742	0.45020
9.76401	-0.30609	-0.57337	0.44820
9.77354	-0.31035	-0.55765	0.44516
9.78278	-0.30836	-0.54487	0.44224
9.79315	-0.30939	-0.53396	0.43993
9.80298	-0.30927	-0.51878	0.43763
9.81350	-0.31504	-0.50048	0.43661
9.82225	-0.31961	-0.48563	0.43705
9.83346	-0.32345	-0.47038	0.43613
9.84436	-0.32590	-0.45652	0.43479
9.85326	-0.32772	-0.44145	0.43379
9.86380	-0.32952	-0.42770	0.43280
9.87443	-0.32876	-0.41435	0.43222
9.88387	-0.33440	-0.40173	0.43077
9.89304	-0.33483	-0.38801	0.43025
9.90329	-0.33784	-0.37438	0.42929
9.91429	-0.33973	-0.35783	0.42802
9.92384	-0.34040	-0.34284	0.41936
9.93253	-0.34289	-0.33014	0.42537
9.94446	-0.34472	-0.31999	0.42471
9.95344	-0.34785	-0.30705	0.42424
9.96380	-0.34886	-0.29542	0.42460
9.97405	-0.35080	-0.28148	0.42504
9.98403	-0.34991	-0.26965	0.42535
9.99451	-0.35078	-0.25904	0.42584
10.00474	-0.35174	-0.24921	0.42627
10.01388	-0.35319	-0.23781	0.42705
10.02262	-0.35605	-0.22960	0.43169
10.03395	-0.35876	-0.22239	0.43829
10.04296	-0.36053	-0.21465	0.44037
10.05402	-0.35788	-0.21062	0.44179
10.06312	-0.35841	-0.20269	0.43528
10.07383	-0.35801	-0.19522	0.43581
10.08312	-0.35789	-0.18868	0.43699
10.09344	-0.35887	-0.18219	0.43798
10.10346	-0.35705	-0.17638	0.43907
10.11307	-0.35550	-0.17193	0.44014
10.12359	-0.35666	-0.16603	0.44164
10.13463	-0.35432	-0.16118	0.43917
