-758.817968	-0.472261	-1220.422390	-89.446611	49.028979
-765.067136	0.204324	-1219.487381	-88.446611	1163.446611
-767.948528	0.139152	-1218.550664	-87.446611	1393.170990
-772.466103	0.433398	-1217.612189	-86.446611	0.959449
-773.900087	0.043261	-1216.671905	-85.446611	0.000000
-778.115555	0.267738	-1215.729758	-84.446611	0.000000
-781.340499	0.270523	-1214.785692	-83.446611	0.000000
-784.996207	0.367554	-1213.839650	-82.446611	3.000000
-785.866699	-0.162090	-1212.891571	-81.446611	0.000000
-788.517456	-0.296132	-1211.941392	-80.446611	0.000000
-795.682899	0.586903	-1210.989048	-79.446611	0.000000
-799.970509	0.820727	-1210.034468	-78.446611	0.000000
-799.254951	-0.081162	-1209.077582	-77.446611	0.000000
-804.371041	0.337285	-1208.118315	-76.446611	0.000000
-804.829669	-0.307740	-1207.156587	-75.446611	0.000000
-809.155964	-0.072114	-1206.192316	-74.446611	0.000000
-813.590965	0.187879	-1205.225416	-73.446611	0.000000
-817.035600	0.219059	-1204.255797	-72.446611	0.000000
-818.425396	-0.226191	-1203.283363	-71.446611	0.000000
-821.442761	-0.298874	-1202.308016	-70.446611	0.000000
-824.927294	-0.265025	-1201.329651	-69.446611	0.000000
-827.984368	-0.332741	-1200.348157	-68.446611	0.000000
-831.538232	-0.286327	-1199.363420	-67.446611	0.000000
-835.388942	-0.172078	-1198.375317	-66.446611	0.000000
-838.991487	-0.117251	-1197.383721	-65.446611	0.000000
-844.170928	0.307316	-1196.388497	-64.446611	0.000000
-847.752363	0.355028	-1195.389502	-63.446611	0.000000
-850.045752	0.096022	-1194.386586	-62.446611	0.000000
-853.102291	0.015099	-1193.379590	-61.446611	0.000000
-856.255685	-0.045193	-1192.368346	-60.446611	0.000000
-858.278435	-0.377785	-1191.352676	-59.446611	0.000000
-863.870354	0.141299	-1190.332391	-58.446611	0.000000
-865.631022	-0.258992	-1189.307292	-57.446611	0.000000
-868.138720	-0.483663	-1188.277167	-56.446611	0.000000
-872.158910	-0.345398	-1187.241789	-55.446611	0.000000
-877.964616	0.224019	-1186.200918	-54.446611	0.000000
-880.068580	-0.103994	-1185.154300	-53.446611	0.000000
-882.190047	-0.431770	-1184.101661	-52.446611	0.000000
-886.633484	-0.195482	-1183.042709	-51.446611	0.000000
-888.932374	-0.485324	-1181.977134	-50.446611	0.000000
-892.655369	-0.428326	-1180.904603	-49.446611	0.000000
-897.224749	-0.164464	-1179.824758	-48.446611	0.000000
-901.425687	0.008173	-1178.737216	-47.446611	0.000000
-902.263926	-0.652769	-1177.641565	-46.446611	0.000000
-906.585833	-0.453578	-1176.537361	-45.446611	0.000000
-910.707430	-0.305182	-1175.424126	-44.446611	0.000000
-914.542477	-0.229047	-1174.301342	-43.446611	0.000000
-917.907192	-0.272040	-1173.168452	-42.446611	0.000000
-922.071877	-0.116077	-1172.024848	-41.446611	0.000000
-923.860522	-0.558798	-1170.869874	-40.446611	0.000000
-927.479531	-0.543599	-1169.702811	-39.446611	0.000000
-930.338875	-0.722406	-1168.522881	-38.446611	0.000000
-934.118514	-0.670023	-1167.329228	-37.446611	0.000000
-936.997884	-0.848279	-1166.120918	-36.446611	0.000000
-940.833443	-0.784872	-1164.896925	-35.446611	0.000000
-946.969143	-0.135161	-1163.656118	-34.446611	0.000000
-950.190151	-0.230239	-1162.397249	-33.446611	0.000000
-952.494627	-0.563018	-1161.118938	-32.446611	0.000000
-956.918651	-0.353114	-1159.819651	-31.446611	0.000000
-961.641851	-0.066896	-1158.497680	-30.446611	0.000000
-964.146795	-0.354263	-1157.151113	-29.446611	0.000000
-967.229927	-0.495014	-1155.777809	-28.446611	0.000000
-969.949017	-0.732622	-1154.375353	-27.446611	0.000000
-974.023022	-0.619671	-1152.941015	-26.446611	0.000000
-976.444741	-0.939760	-1151.471692	-25.446611	0.000000
-978.954241	-1.240407	-1149.963842	-24.446611	0.000000
-983.454347	-1.019916	-1148.413401	-23.446611	0.000000
-987.747880	-0.854650	-1146.815673	-22.446611	0.000000
-992.149937	-0.661276	-1145.165211	-21.446611	0.000000
-993.953594	-1.157069	-1143.455642	-20.446611	0.000000
-996.317515	-1.508169	-1141.679460	-19.446611	0.000000
-1000.706732	-1.322671	-1139.827756	-18.446611	0.000000
-1004.962002	-1.173405	-1137.889855	-17.446611	0.000000
-1009.089550	-1.059336	-1135.852845	-16.446611	0.000000
-1012.269772	-1.200172	-1133.700933	-15.446611	0.000000
-1014.077584	-1.712999	-1131.414560	-14.446611	0.000000
-1017.107295	-1.899891	-1128.969166	-13.446611	0.000000
-1021.552429	-1.705993	-1126.333413	-12.446611	0.000000
-1026.553131	-1.361842	-1123.466576	-11.446611	0.000000
-1028.777636	-1.772499	-1120.314584	-10.446611	0.000000
-1032.681463	-1.728573	-1116.803815	-9.446611	0.000000
-1035.332425	-2.028590	-1112.830957	-8.446611	0.000000
-1039.039038	-2.041873	-1108.245594	-7.446611	0.000000
-1042.195786	-2.207965	-1102.818427	-6.446611	0.000000
-1046.580065	-2.037770	-1096.178639	-5.446611	0.000000
-1049.597383	-2.245868	-1087.677291	-4.446611	0.000000
-1052.557767	-2.471951	-1076.044986	-3.446611	0.000000
-1056.252128	-2.496897	-1058.336675	-2.446611	0.000000
-1059.753571	-2.576776	-1025.303262	-1.446611	0.000000
-1061.668707	-3.101603	-913.022377	-0.446611	0.000000
-1065.377111	-3.128035	938.603213	0.553389	0.000000
-1068.899910	-3.208240	1030.267142	1.553389	0.000000
-1071.623396	-3.514963	1060.690258	2.553389	0.000000
-1073.882154	-3.956174	1077.500950	3.553389	0.000000
-1078.229685	-3.809031	1088.703940	4.553389	0.000000
-1081.504113	-3.967329	1096.961592	5.553389	0.000000
-1084.495889	-4.207900	1103.447594	6.553389	0.000000
-1085.922326	-4.898411	1108.770441	7.553389	0.000000
-1090.202704	-4.775972	1113.281225	8.553389	0.000000
-1092.499501	-5.224122	1117.198594	9.553389	0.000000
-1094.162043	-5.858708	1120.666761	10.553389	0.000000
-1098.024772	-5.861912	1123.785204	11.553389	0.000000
-1100.730082	-6.201621	1126.625065	12.553389	0.000000
-1104.922427	-6.112218	1129.238741	13.553389	0.000000
-1105.820114	-6.983755	1131.665798	14.553389	0.000000
-1108.127720	-7.449362	1133.936743	15.553389	0.000000
-1110.115234	-8.012512	1136.075528	16.553389	0.000000
-1112.905733	-8.343505	1138.101259	17.553389	0.000000
-1114.648137	-8.987081	1140.029384	18.553389	0.000000
-1117.729390	-9.238363	1141.872550	19.553389	0.000000
-1119.715179	-9.817791	1143.641221	20.553389	0.000000
-1120.376511	-10.797871	1145.344143	21.553389	0.000000
-1122.945936	-11.212309	1146.988688	22.553389	0.000000
-1126.035867	-11.473576	1148.581121	23.553389	0.000000
-1127.086198	-12.352756	1150.126803	24.553389	0.000000
-1129.120890	-12.940177	1151.630355	25.553389	0.000000
-1131.479723	-13.433000	1153.095782	26.553389	0.000000
-1132.515895	-14.333626	1154.526575	27.553389	0.000000
-1134.213837	-15.037638	1155.925794	28.553389	0.000000
-1135.142621	-15.983794	1157.296133	29.553389	0.000000
-1136.670154	-16.751448	1158.639975	30.553389	0.000000
-1138.619530	-17.393878	1159.959438	31.553389	0.000000
-1139.063331	-18.509620	1161.256407	32.553389	0.000000
-1141.483424	-19.015393	1162.532571	33.553389	0.000000
-1142.569152	-19.943222	1163.789448	34.553389	0.000000
-1143.451924	-20.941864	1165.028402	35.553389	0.000000
-1145.644487	-21.532632	1166.250669	36.553389	0.000000
-1147.570233	-22.212329	1167.457366	37.553389	0.000000
-1150.354644	-22.622749	1168.649511	38.553389	0.000000
-1150.971729	-23.728865	1169.828028	39.553389	0.000000
-1150.006878	-25.351038	1170.993764	40.553389	0.000000
-1150.850360	-26.401867	1172.147491	41.553389	0.000000
-1153.894904	-26.746148	1173.289920	42.553389	0.000000
-1153.600725	-28.178428	1174.421703	43.553389	0.000000
-1154.958429	-29.080918	1175.543441	44.553389	0.000000
-1155.425231	-30.281796	1176.655688	45.553389	0.000000
-1156.256534	-31.370431	1177.758957	46.553389	0.000000
-1159.201857	-31.767419	1178.853722	47.553389	0.000000
-1159.173996	-33.152609	1179.940423	48.553389	0.000000
-1162.405082	-33.461916	1181.019469	49.553389	0.000000
-1162.676189	-34.761315	1182.091241	50.553389	0.000000
-1163.237797	-35.972194	1183.156093	51.553389	0.000000
-1164.414508	-36.983283	1184.214356	52.553389	0.000000
-1166.324613	-37.752810	1185.266339	53.553389	0.000000
-1167.667285	-38.718962	1186.312331	54.553389	0.000000
-1168.844827	-39.747384	1187.352603	55.553389	0.000000
-1169.105457	-41.095209	1188.387408	56.553389	0.000000
-1171.888807	-41.585942	1189.416987	57.553389	0.000000
-1171.921319	-43.025853	1190.441562	58.553389	0.000000
-1175.261767	-43.331898	1191.461344	59.553389	0.000000
-1177.896065	-43.883773	1192.476533	60.553389	0.000000
-1178.170700	-45.258507	1193.487315	61.553389	0.000000
-1180.148710	-46.047086	1194.493867	62.553389	0.000000
-1180.173763	-47.523702	1195.496357	63.553389	0.000000
-1181.469420	-48.562419	1196.494943	64.553389	0.000000
-1185.034374	-48.807385	1197.489773	65.553389	0.000000
-1185.517745	-50.141783	1198.480989	66.553389	0.000000
-1186.662338	-51.249624	1199.468727	67.553389	0.000000
-1189.599470	-51.725278	1200.453112	68.553389	0.000000
-1190.159236	-53.051603	1201.434266	69.553389	0.000000
-1193.175048	-53.505598	1202.412304	70.553389	0.000000
-1194.272384	-54.650442	1203.387336	71.553389	0.000000
-1196.753464	-55.302670	1204.359464	72.553389	0.000000
-1198.893590	-56.081314	1205.328788	73.553389	0.000000
-1200.469962	-57.067372	1206.295403	74.553389	0.000000
-1200.407114	-58.654277	1207.259399	75.553389	0.000000
-1204.660060	-58.676535	1208.220860	76.553389	0.000000
-1207.077429	-59.369211	1209.179870	77.553389	0.000000
-1208.838640	-60.304757	1210.136506	78.553389	0.000000
-1211.865258	-60.780681	1211.090843	79.553389	0.000000
-1215.378538	-61.079483	1212.042953	80.553389	0.000000
-1219.815826	-61.040017	1212.992905	81.553389	0.000000
-1222.340839	-61.705227	1213.940763	82.553389	0.000000
-1226.023393	-61.945997	1214.886591	83.553389	0.000000
-1228.593274	-62.599274	1215.830449	84.553389	0.000000
-1231.408453	-63.164645	1216.772395	85.553389	0.000000
-1235.756757	-63.162388	1217.712484	86.553389	0.000000
-1238.098876	-63.907284	1218.650769	87.553389	0.000000
-1241.939281	-64.096123	1219.587301	88.553389	0.000000
-1247.096738	-63.794758	1220.522129	89.553389	0.000000
-1250.783372	-64.042234	0.000000	0.000000	0.000000
-1254.562141	-64.256703	0.000000	0.000000	0.000000
-1257.776318	-64.683430	0.000000	0.000000	0.000000
-1262.283319	-64.626924	0.000000	0.000000	0.000000
-1266.818306	-64.559892	0.000000	0.000000	0.000000
-1270.607968	-64.773791	0.000000	0.000000	0.000000
-1275.011337	-64.757209	0.000000	0.000000	0.000000
-1284.643097	-62.773896	0.000000	0.000000	0.000000
-1288.972506	-62.783875	0.000000	0.000000	0.000000
-1291.519118	-63.466319	0.000000	0.000000	0.000000
-1295.401951	-63.646521	0.000000	0.000000	0.000000
-1299.001542	-63.935025	0.000000	0.000000	0.000000
-1302.647801	-64.206698	0.000000	0.000000	0.000000
-1306.579851	-64.371501	0.000000	0.000000	0.000000
-1309.805087	-64.805144	0.000000	0.000000	0.000000
-1315.419834	-64.332396	0.000000	0.000000	0.000000
-1318.701679	-64.746197	0.000000	0.000000	0.000000
-1324.066913	-64.368286	0.000000	0.000000	0.000000
-1327.942099	-64.557638	0.000000	0.000000	0.000000
-1331.335402	-64.932180	0.000000	0.000000	0.000000
-1334.847227	-65.262448	0.000000	0.000000	0.000000
-1340.097768	-64.928774	0.000000	0.000000	0.000000
-1344.581860	-64.888102	0.000000	0.000000	0.000000
-1349.111250	-64.830761	0.000000	0.000000	0.000000
-1352.764679	-65.109516	0.000000	0.000000	0.000000
-1358.711856	-64.508598	0.000000	0.000000	0.000000
-1362.586919	-64.703076	0.000000	0.000000	0.000000
-1366.184121	-65.005716	0.000000	0.000000	0.000000
-1371.039546	-64.824283	0.000000	0.000000	0.000000
-1375.711838	-64.713906	0.000000	0.000000	0.000000
-1380.210343	-64.670430	0.000000	0.000000	0.000000
-1383.547851	-65.076193	0.000000	0.000000	0.000000
-1387.401454	-65.283278	0.000000	0.000000	0.000000
-1391.715325	-65.313269	0.000000	0.000000	0.000000
-1396.959054	-64.982889	0.000000	0.000000	0.000000
-1401.334044	-64.989715	0.000000	0.000000	0.000000
-1405.139019	-65.217953	0.000000	0.000000	0.000000
-1408.796536	-65.504806	0.000000	0.000000	0.000000
-1413.099233	-65.541103	0.000000	0.000000	0.000000
-1417.043905	-65.717765	0.000000	0.000000	0.000000
-1421.554888	-65.673843	0.000000	0.000000	0.000000
-1425.143103	-65.991003	0.000000	0.000000	0.000000
-1429.775275	-65.900610	0.000000	0.000000	0.000000
-1434.232089	-65.879427	0.000000	0.000000	0.000000
-1438.954864	-65.754048	0.000000	0.000000	0.000000
-1442.901279	-65.933537	0.000000	0.000000	0.000000
-1446.610237	-66.206617	0.000000	0.000000	0.000000
-1450.675384	-66.341034	0.000000	0.000000	0.000000
-1455.382353	-66.223240	0.000000	0.000000	0.000000
-1458.823221	-66.604488	0.000000	0.000000	0.000000
-1463.141451	-66.640644	0.000000	0.000000	0.000000
-1468.657092	-66.205253	0.000000	0.000000	0.000000
-1472.102466	-66.586431	0.000000	0.000000	0.000000
-1476.869651	-66.446685	0.000000	0.000000	0.000000
-1481.039093	-66.543116	0.000000	0.000000	0.000000
-1485.459250	-66.541189	0.000000	0.000000	0.000000
-1490.183496	-66.418755	0.000000	0.000000	0.000000
-1493.594119	-66.817843	0.000000	0.000000	0.000000
-1498.719508	-66.536853	0.000000	0.000000	0.000000
-1502.180986	-66.917279	0.000000	0.000000	0.000000
-1507.533849	-66.546102	0.000000	0.000000	0.000000
-1512.295189	-66.410518	0.000000	0.000000	0.000000
-1515.423242	-66.925266	0.000000	0.000000	0.000000
-1519.653957	-67.002013	0.000000	0.000000	0.000000
-1524.223539	-66.943586	0.000000	0.000000	0.000000
-1528.521863	-66.994150	0.000000	0.000000	0.000000
