50.116656	0.040991
50.098656	0.043489
50.093968	0.041076
50.089281	0.040637
50.084593	0.039103
50.079906	0.040991
50.075218	0.040097
50.070531	0.042253
50.065843	0.041531
50.061156	0.045544
50.056468	0.044154
50.051781	0.039418
50.047093	0.039655
50.042406	0.041134
50.037718	0.041470
50.033031	0.042964
50.028343	0.039935
50.023656	0.037078
50.018968	0.042896
50.014281	0.040839
50.009593	0.037056
50.004906	0.036269
50.000218	0.040168
49.995531	0.040621
49.990843	0.038659
49.986156	0.040748
49.981468	0.039384
49.976781	0.037028
49.972093	0.039394
49.967406	0.039006
49.962718	0.037961
49.958031	0.039944
49.953343	0.043276
49.948656	0.044213
49.943968	0.040851
49.939281	0.040949
49.934593	0.040622
49.929906	0.041430
49.925218	0.043301
49.920531	0.041202
49.915843	0.040519
49.911156	0.041973
49.906468	0.040599
49.901781	0.038593
49.897093	0.043395
49.892406	0.043068
49.887718	0.043053
49.883031	0.038719
49.878343	0.042066
49.873656	0.039269
49.868968	0.041233
49.864281	0.040796
49.859593	0.044917
49.854906	0.043435
49.850218	0.043959
49.845531	0.044611
49.840843	0.043137
49.836156	0.046871
49.831468	0.045767
49.826781	0.042905
49.822093	0.045208
49.817406	0.051003
49.812718	0.044094
49.808031	0.042230
49.803343	0.045943
49.798656	0.046218
49.793968	0.046068
49.789281	0.047197
49.784593	0.047588
49.779906	0.043641
49.775218	0.045613
49.770531	0.047713
49.765843	0.049801
49.761156	0.047560
49.756468	0.047798
49.751781	0.047162
49.747093	0.050677
49.742406	0.050499
49.737718	0.047235
49.733031	0.048095
49.728343	0.047149
49.723656	0.047421
49.718968	0.051623
49.714281	0.049106
49.709593	0.049469
49.704906	0.046857
49.700218	0.048754
49.695531	0.047404
49.690843	0.046476
49.686156	0.047081
49.681468	0.047397
49.676781	0.044434
49.672093	0.044592
49.667406	0.046298
49.662718	0.045792
49.658031	0.047180
49.653343	0.046038
49.648656	0.043781
49.643968	0.045778
49.639281	0.041684
49.634593	0.048182
49.629906	0.044024
49.625218	0.044571
49.620531	0.041773
49.615843	0.042527
49.611156	0.038591
49.606468	0.036400
49.601781	0.039971
49.597093	0.042830
49.592406	0.040522
49.587718	0.040708
49.583031	0.040197
49.578343	0.040872
49.573656	0.040425
49.568968	0.040681
49.564281	0.036473
49.559593	0.039336
49.554906	0.038107
49.550218	0.037796
49.545531	0.036987
49.540843	0.034331
49.536156	0.035519
49.531468	0.038618
49.526781	0.042537
49.522093	0.040876
49.517406	0.041328
49.512718	0.037125
49.508031	0.038087
49.503343	0.035066
49.498656	0.037405
49.493968	0.035897
49.489281	0.037443
49.484593	0.038572
49.479906	0.034514
49.475218	0.033335
49.470531	0.036639
49.465843	0.034828
49.461156	0.035020
49.456468	0.034455
49.451781	0.035055
49.447093	0.036436
49.442406	0.038225
49.437718	0.039858
49.433031	0.039660
49.428343	0.038147
49.423656	0.038551
49.418968	0.039302
49.414281	0.040564
49.409593	0.038386
49.404906	0.040552
49.400218	0.033711
49.395531	0.031737
49.390843	0.038828
49.386156	0.040032
49.381468	0.039024
49.376781	0.038441
49.372093	0.037968
49.367406	0.039291
49.362718	0.035899
49.358031	0.037074
49.353343	0.043537
49.348656	0.039291
49.343968	0.040291
49.339281	0.041477
49.334593	0.038803
49.329906	0.037193
49.325218	0.038659
49.320531	0.039306
49.315843	0.038723
49.311156	0.038796
49.306468	0.039757
49.301781	0.038013
49.297093	0.037753
49.292406	0.037601
49.287718	0.036693
49.283031	0.040924
49.278343	0.039650
49.273656	0.036614
49.268968	0.036871
49.264281	0.040589
49.259593	0.042200
49.254906	0.044545
49.250218	0.039451
49.245531	0.039939
49.240843	0.037707
49.236156	0.040662
49.231468	0.038950
49.226781	0.038923
49.222093	0.038174
49.217406	0.042238
49.212718	0.043276
49.208031	0.036458
49.203343	0.034638
49.198656	0.041622
49.193968	0.038364
49.189281	0.043397
49.184593	0.041556
49.179906	0.039516
49.175218	0.039267
49.170531	0.042777
49.165843	0.043357
49.161156	0.043094
49.156468	0.043638
49.151781	0.043274
49.147093	0.042366
49.142406	0.041930
49.137718	0.038526
49.133031	0.038137
49.128343	0.040217
49.123656	0.040869
49.118968	0.041357
49.114281	0.044059
49.109593	0.039842
49.104906	0.043103
49.100218	0.044945
49.095531	0.043820
49.090843	0.039154
49.086156	0.041846
49.081468	0.044550
49.076781	0.042605
49.072093	0.045008
49.067406	0.044543
49.062718	0.042357
49.058031	0.040923
49.053343	0.046438
49.048656	0.044782
49.043968	0.043546
49.039281	0.042912
49.034593	0.043277
49.029906	0.041968
49.025218	0.045706
49.020531	0.045586
49.015843	0.047110
49.011156	0.046676
49.006468	0.048203
49.001781	0.047675
48.997093	0.042143
48.992406	0.042957
48.987718	0.045809
48.983031	0.044017
48.978343	0.041565
48.973656	0.044037
48.968968	0.045255
48.964281	0.047314
48.959593	0.046347
48.954906	0.049130
48.950218	0.051755
48.945531	0.049853
48.940843	0.048427
48.936156	0.046752
48.931468	0.051093
48.926781	0.054184
48.922093	0.052576
48.917406	0.051282
48.912718	0.050294
48.908031	0.051548
48.903343	0.056090
48.898656	0.057765
48.893968	0.056071
48.889281	0.053041
48.884593	0.056704
48.879906	0.056335
48.875218	0.059029
48.870531	0.059172
48.865843	0.060681
48.861156	0.059184
48.856468	0.061073
48.851781	0.063129
48.847093	0.063382
48.842406	0.064130
48.837718	0.068894
48.833031	0.069168
48.828343	0.069929
48.823656	0.072745
48.818968	0.076791
48.814281	0.075496
48.809593	0.076979
48.804906	0.079216
48.800218	0.085572
48.795531	0.084503
48.790843	0.088662
48.786156	0.094547
48.781468	0.094637
48.776781	0.097828
48.772093	0.097066
48.767406	0.105185
48.762718	0.109569
48.758031	0.114871
48.753343	0.118028
48.748656	0.124106
48.743968	0.126538
48.739281	0.132044
48.734593	0.141322
48.729906	0.145315
48.725218	0.147876
48.720531	0.156266
48.715843	0.161925
48.711156	0.166703
48.706468	0.175359
48.701781	0.182172
48.697093	0.191309
48.692406	0.198769
48.687718	0.205051
48.683031	0.215883
48.678343	0.220890
48.673656	0.229966
48.668968	0.239749
48.664281	0.245619
48.659593	0.252361
48.654906	0.256509
48.650218	0.267413
48.645531	0.283368
48.640843	0.293802
48.636156	0.297360
48.631468	0.311565
48.626781	0.320615
48.622093	0.332616
48.617406	0.343542
48.612718	0.347674
48.608031	0.361566
48.603343	0.364851
48.598656	0.377942
48.593968	0.390186
48.589281	0.400471
48.584593	0.408371
48.579906	0.418244
48.575218	0.428757
48.570531	0.442485
48.565843	0.447655
48.561156	0.462351
48.556468	0.465686
48.551781	0.471494
48.547093	0.485592
48.542406	0.493807
48.537718	0.508981
48.533031	0.519756
48.528343	0.522511
48.523656	0.536306
48.518968	0.547826
48.514281	0.552939
48.509593	0.566709
48.504906	0.571616
48.500218	0.583569
48.495531	0.590511
48.490843	0.598751
48.486156	0.609121
48.481468	0.625658
48.476781	0.626180
48.472093	0.633575
48.467406	0.643470
48.462718	0.648653
48.458031	0.652018
48.453343	0.651905
48.448656	0.659040
48.443968	0.661810
48.439281	0.668830
48.434593	0.674949
48.429906	0.675216
48.425218	0.683192
48.420531	0.685431
48.415843	0.682606
48.411156	0.685448
48.406468	0.687949
48.401781	0.692645
48.397093	0.692343
48.392406	0.691930
48.387718	0.694423
48.383031	0.694529
48.378343	0.674276
48.373656	0.674648
48.368968	0.681980
48.364281	0.684114
48.359593	0.687370
48.354906	0.690452
48.350218	0.692426
48.345531	0.697189
48.340843	0.692546
48.336156	0.697102
48.331468	0.693438
48.326781	0.695662
48.322093	0.699810
48.317406	0.703499
48.312718	0.700285
48.308031	0.700115
48.303343	0.699770
48.298656	0.702920
48.293968	0.696916
48.289281	0.699186
48.284593	0.702582
48.279906	0.700937
48.275218	0.700030
48.270531	0.699818
48.265843	0.704286
48.261156	0.706684
48.256468	0.707235
48.251781	0.704026
48.247093	0.704332
48.242406	0.706947
48.237718	0.710174
48.233031	0.710785
48.228343	0.712861
48.223656	0.712632
48.218968	0.716175
48.214281	0.715458
48.209593	0.715463
48.204906	0.714377
48.200218	0.716478
48.195531	0.719558
48.190843	0.721187
48.186156	0.720175
48.181468	0.724387
48.176781	0.724985
48.172093	0.720642
48.167406	0.724852
48.162718	0.723603
48.158031	0.724828
48.153343	0.725021
48.148656	0.723949
48.143968	0.728346
48.139281	0.725608
48.134593	0.729809
48.129906	0.726121
48.125218	0.724904
48.120531	0.730514
48.115843	0.731525
48.111156	0.731115
48.106468	0.731849
48.101781	0.732046
48.116656	0.726562
48.121343	0.725791
48.126031	0.726656
48.130718	0.722197
48.135406	0.722972
48.140093	0.726210
48.144781	0.724757
48.149468	0.721877
48.154156	0.718169
48.158843	0.717487
48.163531	0.718041
48.168218	0.717342
48.172906	0.718217
48.177593	0.716672
48.182281	0.718364
48.186968	0.715564
48.191656	0.710779
48.196343	0.710945
48.201031	0.712309
48.205718	0.709160
48.210406	0.709305
48.215093	0.708560
48.219781	0.708211
48.224468	0.709801
48.229156	0.705274
48.233843	0.704468
48.238531	0.703450
48.243218	0.699003
48.247906	0.699447
48.252593	0.698080
48.257281	0.695995
48.261968	0.695677
48.266656	0.690877
48.271343	0.683762
48.276031	0.679295
48.280718	0.675680
48.285406	0.682548
48.290093	0.676802
48.294781	0.670063
48.299468	0.665336
48.304156	0.654947
48.308843	0.655266
48.313531	0.651520
48.318218	0.645085
48.322906	0.650007
48.327593	0.648683
48.332281	0.646923
48.336968	0.650781
48.341656	0.647863
48.346343	0.644094
48.351031	0.633096
48.355718	0.638267
48.360406	0.639927
48.365093	0.629802
48.369781	0.628939
48.374468	0.622224
48.379156	0.616614
48.383843	0.623755
48.388531	0.628797
48.393218	0.627693
48.397906	0.617320
48.402593	0.602642
48.407281	0.595596
48.411968	0.584958
48.416656	0.582482
48.421343	0.572525
48.426031	0.564088
48.430718	0.553722
48.435406	0.544299
48.440093	0.531253
48.444781	0.522229
48.449468	0.508347
48.454156	0.499531
48.458843	0.496709
48.463531	0.479695
48.468218	0.480148
48.472906	0.470054
48.477593	0.470872
48.482281	0.470724
48.486968	0.466201
48.491656	0.489341
48.496343	0.484819
48.501031	0.474684
48.505718	0.470901
48.510406	0.513544
48.515093	0.540084
48.519781	0.537128
48.524468	0.524927
48.529156	0.516462
48.533843	0.503931
48.538531	0.490530
48.543218	0.481752
48.547906	0.463809
48.552593	0.454790
48.557281	0.443131
48.561968	0.433266
48.566656	0.427399
48.571343	0.418698
48.576031	0.413250
48.580718	0.398019
48.585406	0.388287
48.590093	0.375849
48.594781	0.366649
48.599468	0.353858
48.604156	0.342614
48.608843	0.334863
48.613531	0.327647
48.618218	0.314421
48.622906	0.303039
48.627593	0.294942
48.632281	0.283995
48.636968	0.272991
48.641656	0.264139
48.646343	0.256952
48.651031	0.249152
48.655718	0.243551
48.660406	0.236098
48.665093	0.224510
48.669781	0.219417
48.674468	0.215387
48.679156	0.200729
48.683843	0.199107
48.688531	0.181548
48.693218	0.178116
48.697906	0.167970
48.702593	0.157976
48.707281	0.157134
48.711968	0.144956
48.716656	0.139882
48.721343	0.135836
48.726031	0.131904
48.730718	0.122152
48.735406	0.118548
48.740093	0.113908
48.744781	0.110493
48.749468	0.102816
48.754156	0.098671
48.758843	0.096245
48.763531	0.090930
48.768218	0.090102
48.772906	0.082288
48.777593	0.081455
48.782281	0.081264
48.786968	0.076662
48.791656	0.072688
48.796343	0.070525
48.801031	0.067697
48.805718	0.068807
48.810406	0.064994
48.815093	0.060822
48.819781	0.058240
48.824468	0.058729
48.829156	0.054901
48.833843	0.056632
48.838531	0.054650
48.843218	0.050362
48.847906	0.050965
48.852593	0.048836
48.857281	0.048864
48.861968	0.047717
48.866656	0.046617
48.871343	0.044777
48.876031	0.043685
48.880718	0.038421
48.885406	0.040953
48.890093	0.045481
48.894781	0.042241
48.899468	0.039980
48.904156	0.044153
48.908843	0.038166
48.913531	0.037162
48.918218	0.037315
48.922906	0.036891
48.927593	0.038252
48.932281	0.036291
48.936968	0.034028
48.941656	0.038468
48.946343	0.034720
48.951031	0.036015
48.955718	0.036520
48.960406	0.036406
48.965093	0.034781
48.969781	0.033347
48.974468	0.033044
48.979156	0.030024
48.983843	0.032402
48.988531	0.032518
48.993218	0.036011
48.997906	0.033025
49.002593	0.033040
49.007281	0.035612
49.011968	0.031616
49.016656	0.032530
49.021343	0.031736
49.026031	0.029361
49.030718	0.030820
49.035406	0.030106
49.040093	0.028040
49.044781	0.026173
49.049468	0.029568
49.054156	0.029813
49.058843	0.025520
49.063531	0.024707
49.068218	0.025723
49.072906	0.030242
49.077593	0.028820
49.082281	0.027269
49.086968	0.026801
49.091656	0.024094
49.096343	0.026174
49.101031	0.026797
49.105718	0.028314
49.110406	0.027531
49.115093	0.026083
49.119781	0.026541
49.124468	0.028554
49.129156	0.029824
49.133843	0.029456
49.138531	0.029109
49.143218	0.027680
49.147906	0.031672
49.152593	0.026493
49.157281	0.028610
49.161968	0.030095
49.166656	0.031506
49.171343	0.031981
49.176031	0.033709
49.180718	0.032603
49.185406	0.034641
49.190093	0.033799
49.194781	0.035300
49.199468	0.033347
49.204156	0.031594
49.208843	0.032309
49.213531	0.036285
49.218218	0.035452
49.222906	0.032153
49.227593	0.033192
49.232281	0.038828
49.236968	0.041988
49.241656	0.041994
49.246343	0.040797
49.251031	0.040333
49.255718	0.038735
49.260406	0.041861
49.265093	0.044260
49.269781	0.043231
49.274468	0.044075
49.279156	0.047624
49.283843	0.043370
49.288531	0.045891
49.293218	0.047420
49.297906	0.043314
49.302593	0.045380
49.307281	0.048364
49.311968	0.047049
49.316656	0.049588
49.321343	0.053317
49.326031	0.051311
49.330718	0.052222
49.335406	0.049387
49.340093	0.052623
49.344781	0.053751
49.349468	0.050736
49.354156	0.052413
49.358843	0.051864
49.363531	0.052907
49.368218	0.052758
49.372906	0.052087
49.377593	0.052292
49.382281	0.048313
49.386968	0.052608
49.391656	0.052878
49.396343	0.054754
49.401031	0.051690
49.405718	0.049771
49.410406	0.052587
49.415093	0.046121
49.419781	0.050254
49.424468	0.051817
49.429156	0.051134
49.433843	0.050353
49.438531	0.049755
49.443218	0.050168
49.447906	0.045841
49.452593	0.047285
49.457281	0.049574
49.461968	0.046364
49.466656	0.047567
49.471343	0.044119
49.476031	0.042691
49.480718	0.042852
49.485406	0.043167
49.490093	0.040900
49.494781	0.040261
49.499468	0.042907
49.504156	0.043482
49.508843	0.043682
49.513531	0.045167
49.518218	0.046436
49.522906	0.042167
49.527593	0.043588
49.532281	0.041495
49.536968	0.042277
49.541656	0.040290
49.546343	0.041458
49.551031	0.041342
49.555718	0.042318
49.560406	0.039338
49.565093	0.045627
49.569781	0.043104
49.574468	0.038559
49.579156	0.039751
49.583843	0.037097
49.588531	0.041163
49.593218	0.042821
49.597906	0.038930
49.602593	0.043989
49.607281	0.038086
49.611968	0.036216
49.616656	0.037560
49.621343	0.037399
49.626031	0.036945
49.630718	0.036497
49.635406	0.039607
49.640093	0.038978
49.644781	0.040309
49.649468	0.041605
49.654156	0.041885
49.658843	0.034477
49.663531	0.038760
49.668218	0.038003
49.672906	0.039249
49.677593	0.041455
49.682281	0.035771
49.686968	0.038503
49.691656	0.036448
49.696343	0.034207
49.701031	0.038022
49.705718	0.038994
49.710406	0.038041
49.715093	0.041400
49.719781	0.040016
49.724468	0.038941
49.729156	0.039191
49.733843	0.035141
49.738531	0.034709
49.743218	0.038149
49.747906	0.038699
49.752593	0.039381
49.757281	0.037826
49.761968	0.038347
49.766656	0.039086
49.771343	0.041446
49.776031	0.042614
49.780718	0.038009
49.785406	0.038672
49.790093	0.037144
49.794781	0.034553
49.799468	0.038648
49.804156	0.036274
49.808843	0.036714
49.813531	0.036659
49.818218	0.037232
49.822906	0.037742
49.827593	0.036780
49.832281	0.041937
49.836968	0.041293
49.841656	0.043725
49.846343	0.038835
49.851031	0.039191
49.855718	0.038623
49.860406	0.039559
49.865093	0.037607
49.869781	0.040038
49.874468	0.039144
49.879156	0.038896
49.883843	0.042093
49.888531	0.040993
49.893218	0.038454
49.897906	0.038092
49.902593	0.043855
49.907281	0.039386
49.911968	0.038751
49.916656	0.040883
49.921343	0.040357
49.926031	0.041599
49.930718	0.041874
49.935406	0.035653
49.940093	0.040216
49.944781	0.042235
49.949468	0.044060
49.954156	0.037739
49.958843	0.038978
49.963531	0.035855
49.968218	0.040170
49.972906	0.041623
49.977593	0.040730
49.982281	0.041285
49.986968	0.037783
49.991656	0.039029
49.996343	0.039805
50.001031	0.040737
50.005718	0.041828
50.010406	0.041717
50.015093	0.042384
50.019781	0.040235
50.024468	0.037889
50.029156	0.040773
50.033843	0.042115
50.038531	0.042935
50.043218	0.040016
50.047906	0.039392
50.052593	0.041674
50.057281	0.045219
50.061968	0.041822
50.066656	0.039668
50.071343	0.041530
50.076031	0.039664
50.080718	0.040424
50.085406	0.037926
50.090093	0.042741
50.094781	0.039009
50.099468	0.041726
50.104156	0.040774
50.108843	0.041596
50.113531	0.039823
50.116656	0.039009
